#模拟的流程控制矩阵，用若干参数描述一个模块的特征，多个模块拼接实现复杂流程的模拟
#温度		时间	辐照通量	模块名称	是否输出构型（1是/0否）
0			0				0			000				1
300		1E-7	 		0			001				4
300		1E-7			0			002				4
300		1E-7			0			003				4
300		1E-7			0			004				4
300		1E-7			0			005				4
300		1E-7			0			006				4
300		1E-7			0			007				4
300		1E-7			0			008				4
300		1E-7			0			009				4
300		1E-7			0			010				4
300		1E-7	 		0			011				4
300		1E-7			0			012				4
300		1E-7			0			013				4
300		1E-7			0			014				4
300		1E-7			0			015				4
300		1E-7			0			016				4
300		1E-7			0			017				4
300		1E-7			0			018				4
300		1E-7			0			019				4
300		1E-7			0			020				4
300		1E-7	 		0			021				4
300		1E-7			0			022				4
300		1E-7			0			023				4
300		1E-7			0			024				4
300		1E-7			0			025				4
300		1E-7			0			026				4
300		1E-7			0			027				4
300		1E-7			0			028				4
300		1E-7			0			029				4
300		1E-7			0			030				4
300		1E-7	 		0			031				4
300		1E-7			0			032				4
300		1E-7			0			033				4
300		1E-7			0			034				4
300		1E-7			0			035				4
300		1E-7			0			036				4
300		1E-7			0			037				4
300		1E-7	 		0			038				4
300		1E-7			0			039				4
300		1E-7			0			040				4
300		1E-7			0			041				4
300		1E-7			0			042				4
300		1E-7			0			043				4
300		1E-7			0			044				4
300		1E-7			0			045				4
300		1E-7			0			046				4
300		1E-7			0			047				4
300		1E-7	 		0			048				4
300		1E-7			0			049				4
300		1E-7			0			050				4
300		1E-7			0			051				4
300		1E-7			0			052				4
300		1E-7			0			053				4
300		1E-7			0			054				4
300		1E-7			0			055				4
300		1E-7			0			056				4
300		1E-7			0			057				4
300		1E-7	 		0			058				4
300		1E-7			0			059				4
300		1E-7			0			060				4
300		1E-7			0			061				4
300		1E-7			0			062				4
300		1E-7			0			063				4
300		1E-7			0			064				4
300		1E-7			0			065				4
300		1E-7			0			066				4
300		1E-7			0			067				4
300		1E-7	 		0			068				4
300		1E-7			0			069				4
300		1E-7			0			070				4
300		1E-7			0			071				4
300		1E-7			0			072				4
300		1E-7			0			073				4
300		1E-7			0			074				4
300		1E-7	 		0			075				4
300		1E-7			0			076				4
300		1E-7			0			077				4
300		1E-7			0			078				4
300		1E-7			0			079				4
300		1E-7			0			080				4
300		1E-7			0			081				4
300		1E-7			0			082				4
300		1E-7			0			083				4
300		1E-7			0			084				4
300		1E-7	 		0			085				4
300		1E-7			0			086				4
300		1E-7			0			087				4
300		1E-7			0			088				4
300		1E-7			0			089				4
300		1E-7			0			090				4
300		1E-7			0			091				4
300		1E-7			0			092				4
300		1E-7			0			093				4
300		1E-7			0			094				4
300		1E-7	 		0			095				4
300		1E-7			0			096				4
300		1E-7			0			097				4
300		1E-7			0			098				4
300		1E-7			0			099				4
300		1E-7			0			100				1
300		1E-7			0			101				4
300		1E-7			0			102				4
300		1E-7			0			103				4
300		1E-7			0			104				4
300		1E-7			0			105				4
300		1E-7			0			106				4
300		1E-7			0			107				4
300		1E-7			0			108				4
300		1E-7			0			109				4
300		1E-7			0			110				4
300		1E-7			0			111				4
300		1E-7			0			112				4
300		1E-7			0			113				4
300		1E-7			0			114				4
300		1E-7			0			115				4
300		1E-7			0			116				4
300		1E-7			0			117				4
300		1E-7			0			118				4
300		1E-7			0			119				4
300		1E-7			0			120				4
300		1E-7			0			121				4
300		1E-7			0			122				4
300		1E-7			0			123				4
300		1E-7			0			124				4
300		1E-7			0			125				4
300		1E-7			0			126				4
300		1E-7			0			127				4
300		1E-7			0			128				4
300		1E-7			0			129				4
300		1E-7			0			130				4
300		1E-7			0			131				4
300		1E-7			0			132				4
300		1E-7			0			133				4
300		1E-7			0			134				4
300		1E-7			0			135				4
300		1E-7			0			136				4
300		1E-7			0			137				4
300		1E-7			0			138				4
300		1E-7			0			139				4
300		1E-7			0			140				4
300		1E-7			0			141				4
300		1E-7			0			142				4
300		1E-7			0			143				4
300		1E-7			0			144				4
300		1E-7			0			145				4
300		1E-7			0			146				4
300		1E-7			0			147				4
300		1E-7			0			148				4
300		1E-7			0			149				4
300		1E-7			0			150				4
300		1E-7			0			151				4
300		1E-7			0			152				4
300		1E-7			0			153				4
300		1E-7			0			154				4
300		1E-7			0			155				4
300		1E-7			0			156				4
300		1E-7			0			157				4
300		1E-7			0			158				4
300		1E-7			0			159				4
300		1E-7			0			160				4
300		1E-7			0			161				4
300		1E-7			0			162				4
300		1E-7			0			163				4
300		1E-7			0			164				4
300		1E-7			0			165				4
300		1E-7			0			166				4
300		1E-7			0			167				4
300		1E-7			0			168				4
300		1E-7			0			169				4
300		1E-7			0			170				4
300		1E-7			0			171				4
300		1E-7			0			172				4
300		1E-7			0			173				4
300		1E-7			0			174				4
300		1E-7			0			175				4
300		1E-7			0			176				4
300		1E-7			0			177				4
300		1E-7			0			178				4
300		1E-7			0			179				4
300		1E-7			0			180				4
300		1E-7			0			181				4
300		1E-7			0			182				4
300		1E-7			0			183				4
300		1E-7			0			184				4
300		1E-7			0			185				4
300		1E-7			0			186				4
300		1E-7			0			187				4
300		1E-7			0			188				4
300		1E-7			0			189				4
300		1E-7			0			190				4
300		1E-7			0			191				4
300		1E-7			0			192				4
300		1E-7			0			193				4
300		1E-7			0			194				4
300		1E-7			0			195				4
300		1E-7			0			196				4
300		1E-7			0			197				4
300		1E-7			0			198				4
300		1E-7			0			199				4
300		1E-7			0			200				1
300		1E-7			0			201				4
300		1E-7			0			202				4
300		1E-7			0			203				4
300		1E-7			0			204				4
300		1E-7			0			205				4
300		1E-7			0			206				4
300		1E-7			0			207				4
300		1E-7			0			208				4
300		1E-7			0			209				4
300		1E-7			0			210				4
300		1E-7			0			211				4
300		1E-7			0			212				4
300		1E-7			0			213				4
300		1E-7			0			214				4
300		1E-7			0			215				4
300		1E-7			0			216				4
300		1E-7			0			217				4
300		1E-7			0			218				4
300		1E-7			0			219				4
300		1E-7			0			220				4
300		1E-7			0			221				4
300		1E-7			0			222				4
300		1E-7			0			223				4
300		1E-7			0			224				4
300		1E-7			0			225				4
300		1E-7			0			226				4
300		1E-7			0			227				4
300		1E-7			0			228				4
300		1E-7			0			229				4
300		1E-7			0			230				4
300		1E-7			0			231				4
300		1E-7			0			232				4
300		1E-7			0			233				4
300		1E-7			0			234				4
300		1E-7			0			235				4
300		1E-7			0			236				4
300		1E-7			0			237				4
300		1E-7			0			238				4
300		1E-7			0			239				4
300		1E-7			0			240				4
300		1E-7			0			241				4
300		1E-7			0			242				4
300		1E-7			0			243				4
300		1E-7			0			244				4
300		1E-7			0			245				4
300		1E-7			0			246				4
300		1E-7			0			247				4
300		1E-7			0			248				4
300		1E-7			0			249				4
300		1E-7			0			250				4
300		1E-7			0			251				4
300		1E-7			0			252				4
300		1E-7			0			253				4
300		1E-7			0			254				4
300		1E-7			0			255				4
300		1E-7			0			256				4
300		1E-7			0			257				4
300		1E-7			0			258				4
300		1E-7			0			259				4
300		1E-7			0			260				4
300		1E-7			0			261				4
300		1E-7			0			262				4
300		1E-7			0			263				4
300		1E-7			0			264				4
300		1E-7			0			265				4
300		1E-7			0			266				4
300		1E-7			0			267				4
300		1E-7			0			268				4
300		1E-7			0			269				4
300		1E-7			0			270				4
300		1E-7			0			271				4
300		1E-7			0			272				4
300		1E-7			0			273				4
300		1E-7			0			274				4
300		1E-7			0			275				4
300		1E-7			0			276				4
300		1E-7			0			277				4
300		1E-7			0			278				4
300		1E-7			0			279				4
300		1E-7			0			280				4
300		1E-7			0			281				4
300		1E-7			0			282				4
300		1E-7			0			283				4
300		1E-7			0			284				4
300		1E-7			0			285				4
300		1E-7			0			286				4
300		1E-7			0			287				4
300		1E-7			0			288				4
300		1E-7			0			289				4
300		1E-7			0			290				4
300		1E-7			0			291				4
300		1E-7			0			292				4
300		1E-7			0			293				4
300		1E-7			0			294				4
300		1E-7			0			295				4
300		1E-7			0			296				4
300		1E-7			0			297				4
300		1E-7			0			298				4
300		1E-7			0			299				4
300		1E-7			0			300				1
300		1E-7			0			301				4
300		1E-7			0			302				4
300		1E-7			0			303				4
300		1E-7			0			304				4
300		1E-7			0			305				4
300		1E-7			0			306				4
300		1E-7			0			307				4
300		1E-7			0			308				4
300		1E-7			0			309				4
300		1E-7			0			310				4
300		1E-7			0			311				4
300		1E-7			0			312				4
300		1E-7			0			313				4
300		1E-7			0			314				4
300		1E-7			0			315				4
300		1E-7			0			316				4
300		1E-7			0			317				4
300		1E-7			0			318				4
300		1E-7			0			319				4
300		1E-7			0			320				4
300		1E-7			0			321				4
300		1E-7			0			322				4
300		1E-7			0			323				4
300		1E-7			0			324				4
300		1E-7			0			325				4
300		1E-7			0			326				4
300		1E-7			0			327				4
300		1E-7			0			328				4
300		1E-7			0			329				4
300		1E-7			0			330				4
300		1E-7			0			331				4
300		1E-7			0			332				4
300		1E-7			0			333				4
300		1E-7			0			334				4
300		1E-7			0			335				4
300		1E-7			0			336				4
300		1E-7			0			337				4
300		1E-7			0			338				4
300		1E-7			0			339				4
300		1E-7			0			340				4
300		1E-7			0			341				4
300		1E-7			0			342				4
300		1E-7			0			343				4
300		1E-7			0			344				4
300		1E-7			0			345				4
300		1E-7			0			346				4
300		1E-7			0			347				4
300		1E-7			0			348				4
300		1E-7			0			349				4
300		1E-7			0			350				4
300		1E-7			0			351				4
300		1E-7			0			352				4
300		1E-7			0			353				4
300		1E-7			0			354				4
300		1E-7			0			355				4
300		1E-7			0			356				4
300		1E-7			0			357				4
300		1E-7			0			358				4
300		1E-7			0			359				4
300		1E-7			0			360				4
300		1E-7			0			361				4
300		1E-7			0			362				4
300		1E-7			0			363				4
300		1E-7			0			364				4
300		1E-7			0			365				4
300		1E-7			0			366				4
300		1E-7			0			367				4
300		1E-7			0			368				4
300		1E-7			0			369				4
300		1E-7			0			370				4
300		1E-7			0			371				4
300		1E-7			0			372				4
300		1E-7			0			373				4
300		1E-7			0			374				4
300		1E-7			0			375				4
300		1E-7			0			376				4
300		1E-7			0			377				4
300		1E-7			0			378				4
300		1E-7			0			379				4
300		1E-7			0			380				4
300		1E-7			0			381				4
300		1E-7			0			382				4
300		1E-7			0			383				4
300		1E-7			0			384				4
300		1E-7			0			385				4
300		1E-7			0			386				4
300		1E-7			0			387				4
300		1E-7			0			388				4
300		1E-7			0			389				4
300		1E-7			0			390				4
300		1E-7			0			391				4
300		1E-7			0			392				4
300		1E-7			0			393				4
300		1E-7			0			394				4
300		1E-7			0			395				4
300		1E-7			0			396				4
300		1E-7			0			397				4
300		1E-7			0			398				4
300		1E-7			0			399				4
300		1E-7			0			400				1
300		1E-7			0			401				4
300		1E-7			0			402				4
300		1E-7			0			403				4
300		1E-7			0			404				4
300		1E-7			0			405				4
300		1E-7			0			406				4
300		1E-7			0			407				4
300		1E-7			0			408				4
300		1E-7			0			409				4
300		1E-7			0			410				4
300		1E-7			0			411				4
300		1E-7			0			412				4
300		1E-7			0			413				4
300		1E-7			0			414				4
300		1E-7			0			415				4
300		1E-7			0			416				4
300		1E-7			0			417				4
300		1E-7			0			418				4
300		1E-7			0			419				4
300		1E-7			0			420				4
300		1E-7			0			421				4
300		1E-7			0			422				4
300		1E-7			0			423				4
300		1E-7			0			424				4
300		1E-7			0			425				4
300		1E-7			0			426				4
300		1E-7			0			427				4
300		1E-7			0			428				4
300		1E-7			0			429				4
300		1E-7			0			430				4
300		1E-7			0			431				4
300		1E-7			0			432				4
300		1E-7			0			433				4
300		1E-7			0			434				4
300		1E-7			0			435				4
300		1E-7			0			436				4
300		1E-7			0			437				4
300		1E-7			0			438				4
300		1E-7			0			439				4
300		1E-7			0			440				4
300		1E-7			0			441				4
300		1E-7			0			442				4
300		1E-7			0			443				4
300		1E-7			0			444				4
300		1E-7			0			445				4
300		1E-7			0			446				4
300		1E-7			0			447				4
300		1E-7			0			448				4
300		1E-7			0			449				4
300		1E-7			0			450				4
300		1E-7			0			451				4
300		1E-7			0			452				4
300		1E-7			0			453				4
300		1E-7			0			454				4
300		1E-7			0			455				4
300		1E-7			0			456				4
300		1E-7			0			457				4
300		1E-7			0			458				4
300		1E-7			0			459				4
300		1E-7			0			460				4
300		1E-7			0			461				4
300		1E-7			0			462				4
300		1E-7			0			463				4
300		1E-7			0			464				4
300		1E-7			0			465				4
300		1E-7			0			466				4
300		1E-7			0			467				4
300		1E-7			0			468				4
300		1E-7			0			469				4
300		1E-7			0			470				4
300		1E-7			0			471				4
300		1E-7			0			472				4
300		1E-7			0			473				4
300		1E-7			0			474				4
300		1E-7			0			475				4
300		1E-7			0			476				4
300		1E-7			0			477				4
300		1E-7			0			478				4
300		1E-7			0			479				4
300		1E-7			0			480				4
300		1E-7			0			481				4
300		1E-7			0			482				4
300		1E-7			0			483				4
300		1E-7			0			484				4
300		1E-7			0			485				4
300		1E-7			0			486				4
300		1E-7			0			487				4
300		1E-7			0			488				4
300		1E-7			0			489				4
300		1E-7			0			490				4
300		1E-7			0			491				4
300		1E-7			0			492				4
300		1E-7			0			493				4
300		1E-7			0			494				4
300		1E-7			0			495				4
300		1E-7			0			496				4
300		1E-7			0			497				4
300		1E-7			0			498				4
300		1E-7			0			499				4
300		1E-7			0			500				1
