      5095       0.000            initiate
      4938     795.000            cool_795
      4832     790.000            cool_790
      4775     785.000            cool_785
      4727     780.000            cool_780
      4680     775.000            cool_775
      4653     770.000            cool_770
      4634     765.000            cool_765
      4609     760.000            cool_760
      4596     755.000            cool_755
      4580     750.000            cool_750
      4574     745.000            cool_745
      4557     740.000            cool_740
      4550     735.000            cool_735
      4544     730.000            cool_730
      4536     725.000            cool_725
      4533     720.000            cool_720
      4532     715.000            cool_715
      4531     710.000            cool_710
      4528     705.000            cool_705
      4528     700.000            cool_700
      4527     695.000            cool_695
      4526     690.000            cool_690
      4525     685.000            cool_685
      4523     680.000            cool_680
      4523     675.000            cool_675
      4522     670.000            cool_670
      4522     665.000            cool_665
      4522     660.000            cool_660
      4521     655.000            cool_655
      4521     650.000            cool_650
      4521     645.000            cool_645
      4521     640.000            cool_640
      4521     635.000            cool_635
      4519     630.000            cool_630
      4520     625.000            cool_625
      4520     620.000            cool_620
      4520     615.000            cool_615
      4519     610.000            cool_610
      4519     605.000            cool_605
      4519     600.000            cool_600
      4519     595.000            cool_595
      4519     590.000            cool_590
      4519     585.000            cool_585
      4519     580.000            cool_580
      4518     575.000            cool_575
      4518     570.000            cool_570
      4517     565.000            cool_565
      4517     560.000            cool_560
      4517     555.000            cool_555
      4517     550.000            cool_550
      4517     545.000            cool_545
      4517     540.000            cool_540
      4517     535.000            cool_535
      4517     530.000            cool_530
      4517     525.000            cool_525
      4517     520.000            cool_520
      4517     515.000            cool_515
      4517     510.000            cool_510
      4517     505.000            cool_505
      4517     500.000            cool_500
      4517     495.000            cool_495
      4517     490.000            cool_490
      4517     485.000            cool_485
      4517     480.000            cool_480
      4517     475.000            cool_475
      4517     470.000            cool_470
      4517     465.000            cool_465
      4517     460.000            cool_460
      4517     455.000            cool_455
      4517     450.000            cool_450
      4517     445.000            cool_445
      4517     440.000            cool_440
      4517     435.000            cool_435
      4517     430.000            cool_430
      4517     425.000            cool_425
      4517     420.000            cool_420
      4517     415.000            cool_415
      4517     410.000            cool_410
      4517     405.000            cool_405
      4517     400.000            cool_400
      4517     395.000            cool_395
      4517     390.000            cool_390
      4517     385.000            cool_385
      4517     380.000            cool_380
      4517     375.000            cool_375
      4517     370.000            cool_370
      4517     365.000            cool_365
      4517     360.000            cool_360
      4517     355.000            cool_355
      4517     350.000            cool_350
      4517     345.000            cool_345
      4517     340.000            cool_340
      4517     335.000            cool_335
      4517     330.000            cool_330
      4517     325.000            cool_325
      4517     320.000            cool_320
      4517     315.000            cool_315
      4517     310.000            cool_310
      4517     305.000            cool_305
      4517     300.000            cool_300
      4517     300.000           after_ann
      4517     300.000      implantation01
      4517     300.000      implantation02
      4517     300.000      implantation03
      4517     300.000      implantation04
      4517     300.000      implantation05
      4517     300.000      implantation06
      4517     300.000      implantation07
      4517     300.000      implantation08
      4517     300.000      implantation09
      4517     300.000      implantation10
      4517     300.000           after_imp
      4517     300.000                 300
      4517     310.000                 310
      4517     320.000                 320
      4517     330.000                 330
      4517     340.000                 340
      4517     350.000                 350
      4517     360.000                 360
      4517     370.000                 370
      4517     380.000                 380
      4517     390.000                 390
      4517     400.000                 400
      4517     410.000                 410
      4517     420.000                 420
      4517     430.000                 430
      4517     440.000                 440
      4517     450.000                 450
      4517     460.000                 460
      4517     470.000                 470
      4517     480.000                 480
      4517     490.000                 490
      4517     500.000                 500
      4517     510.000                 510
      4517     520.000                 520
      4517     530.000                 530
      4517     540.000                 540
      4517     550.000                 550
      4517     560.000                 560
      4517     570.000                 570
      4517     580.000                 580
      4517     590.000                 590
      4517     600.000                 600
      4516     610.000                 610
      4517     620.000                 620
      4517     630.000                 630
      4517     640.000                 640
      4517     650.000                 650
      4518     660.000                 660
      4518     670.000                 670
      4518     680.000                 680
      4517     690.000                 690
      4518     700.000                 700
      4518     710.000                 710
      4516     720.000                 720
      4515     730.000                 730
      4514     740.000                 740
      4512     750.000                 750
      4509     760.000                 760
      4504     770.000                 770
      4503     780.000                 780
      4496     790.000                 790
      4490     800.000                 800
      4471     810.000                 810
      4461     820.000                 820
      4440     830.000                 830
      4424     840.000                 840
      4400     850.000                 850
      4363     860.000                 860
      4323     870.000                 870
      4278     880.000                 880
      4222     890.000                 890
      4158     900.000                 900
      4092     910.000                 910
      4030     920.000                 920
      3945     930.000                 930
      3850     940.000                 940
      3752     950.000                 950
      3643     960.000                 960
      3517     970.000                 970
      3393     980.000                 980
      3284     990.000                 990
      3200    1000.000                1000
