     52258         0         0         0       0.000            initiate
     52251         0         0         0     795.000            cool_795
     52247         0         0         0     790.000            cool_790
     52246         0         0         0     785.000            cool_785
     52246         0         0         0     780.000            cool_780
     52245         0         0         0     775.000            cool_775
     52240         0         0         0     770.000            cool_770
     52238         0         0         0     765.000            cool_765
     52237         0         0         0     760.000            cool_760
     52236         0         0         0     755.000            cool_755
     52235         0         0         0     750.000            cool_750
     52235         0         0         0     745.000            cool_745
     52235         0         0         0     740.000            cool_740
     52235         0         0         0     735.000            cool_735
     52235         0         0         0     730.000            cool_730
     52235         0         0         0     725.000            cool_725
     52235         0         0         0     720.000            cool_720
     52235         0         0         0     715.000            cool_715
     52235         0         0         0     710.000            cool_710
     52235         0         0         0     705.000            cool_705
     52235         0         0         0     700.000            cool_700
     52235         0         0         0     695.000            cool_695
     52235         0         0         0     690.000            cool_690
     52235         0         0         0     685.000            cool_685
     52235         0         0         0     680.000            cool_680
     52235         0         0         0     675.000            cool_675
     52235         0         0         0     670.000            cool_670
     52235         0         0         0     665.000            cool_665
     52235         0         0         0     660.000            cool_660
     52235         0         0         0     655.000            cool_655
     52235         0         0         0     650.000            cool_650
     52235         0         0         0     645.000            cool_645
     52235         0         0         0     640.000            cool_640
     52235         0         0         0     635.000            cool_635
     52235         0         0         0     630.000            cool_630
     52235         0         0         0     625.000            cool_625
     52235         0         0         0     620.000            cool_620
     52235         0         0         0     615.000            cool_615
     52235         0         0         0     610.000            cool_610
     52235         0         0         0     605.000            cool_605
     52235         0         0         0     600.000            cool_600
     52235         0         0         0     595.000            cool_595
     52235         0         0         0     590.000            cool_590
     52235         0         0         0     585.000            cool_585
     52235         0         0         0     580.000            cool_580
     52235         0         0         0     575.000            cool_575
     52235         0         0         0     570.000            cool_570
     52235         0         0         0     565.000            cool_565
     52235         0         0         0     560.000            cool_560
     52235         0         0         0     555.000            cool_555
     52235         0         0         0     550.000            cool_550
     52235         0         0         0     545.000            cool_545
     52235         0         0         0     540.000            cool_540
     52235         0         0         0     535.000            cool_535
     52235         0         0         0     530.000            cool_530
     52235         0         0         0     525.000            cool_525
     52235         0         0         0     520.000            cool_520
     52235         0         0         0     515.000            cool_515
     52235         0         0         0     510.000            cool_510
     52235         0         0         0     505.000            cool_505
     52235         0         0         0     500.000            cool_500
     52235         0         0         0     495.000            cool_495
     52235         0         0         0     490.000            cool_490
     52235         0         0         0     485.000            cool_485
     52235         0         0         0     480.000            cool_480
     52235         0         0         0     475.000            cool_475
     52235         0         0         0     470.000            cool_470
     52235         0         0         0     465.000            cool_465
     52235         0         0         0     460.000            cool_460
     52235         0         0         0     455.000            cool_455
     52235         0         0         0     450.000            cool_450
     52235         0         0         0     445.000            cool_445
     52235         0         0         0     440.000            cool_440
     52235         0         0         0     435.000            cool_435
     52235         0         0         0     430.000            cool_430
     52235         0         0         0     425.000            cool_425
     52235         0         0         0     420.000            cool_420
     52235         0         0         0     415.000            cool_415
     52235         0         0         0     410.000            cool_410
     52235         0         0         0     405.000            cool_405
     52235         0         0         0     400.000            cool_400
     52235         0         0         0     395.000            cool_395
     52235         0         0         0     390.000            cool_390
     52235         0         0         0     385.000            cool_385
     52235         0         0         0     380.000            cool_380
     52235         0         0         0     375.000            cool_375
     52235         0         0         0     370.000            cool_370
     52235         0         0         0     365.000            cool_365
     52235         0         0         0     360.000            cool_360
     52235         0         0         0     355.000            cool_355
     52235         0         0         0     350.000            cool_350
     52235         0         0         0     345.000            cool_345
     52235         0         0         0     340.000            cool_340
     52235         0         0         0     335.000            cool_335
     52235         0         0         0     330.000            cool_330
     52235         0         0         0     325.000            cool_325
     52235         0         0         0     320.000            cool_320
     52235         0         0         0     315.000            cool_315
     52235         0         0         0     310.000            cool_310
     52235         0         0         0     305.000            cool_305
     52235         0         0         0     300.000            cool_300
     52235         0         0         0     300.000           after_ann
     52235      1583         0         0     300.000      implantation01
     52235      3152         0         0     300.000      implantation02
     52235      4758         0         0     300.000      implantation03
     52235      6337         0         0     300.000      implantation04
     52235      7867         0         0     300.000      implantation05
     52235      9497         0         0     300.000      implantation06
     52235     11126         0         0     300.000      implantation07
     52235     12631         0         0     300.000      implantation08
     52235     14245         0         0     300.000      implantation09
     52235     15864         0         0     300.000      implantation10
     52235     15864         0         0     300.000           after_imp
     52235     15864         0         0     300.000                 300
     52235     15864         0         0     310.000                 310
     52235     15864         0         0     320.000                 320
     52235     15864         0         0     330.000                 330
     52235     15864         0         0     340.000                 340
     52235     15864         0         0     350.000                 350
     52235     15864         0         0     360.000                 360
     52235     15864         0         0     370.000                 370
     52235     15864         0         0     380.000                 380
     52235     15864         0         0     390.000                 390
     52235     15862         0         0     400.000                 400
     52235     15862         0         0     410.000                 410
     52235     15860         0         0     420.000                 420
     52235     15859         0         0     430.000                 430
     52235     15859         0         0     440.000                 440
     52235     15855         0         0     450.000                 450
     52235     15852         0         0     460.000                 460
     52235     15844         0         0     470.000                 470
     52235     15837         0         0     480.000                 480
     52235     15827         0         0     490.000                 490
     52235     15816         0         0     500.000                 500
     52235     15802         0         0     510.000                 510
     52235     15796         0         0     520.000                 520
     52235     15784         0         0     530.000                 530
     52235     15763         0         0     540.000                 540
     52235     15718         0         0     550.000                 550
     52235     15660         0         0     560.000                 560
     52235     15570         0         0     570.000                 570
     52235     15426         0         0     580.000                 580
     52235     15187         0         0     590.000                 590
     52235     14888         0         0     600.000                 600
     52235     14441         0         0     610.000                 610
     52235     13822         0         0     620.000                 620
     52235     13040         0         0     630.000                 630
     52235     12154         0         0     640.000                 640
     52235     11170         0         0     650.000                 650
     52235     10242         0         0     660.000                 660
     52235      9433         0         0     670.000                 670
     52235      8580         0         0     680.000                 680
     52235      7743         0         0     690.000                 690
     52235      6837         0         0     700.000                 700
     52235      5953         0         0     710.000                 710
     52235      5012         0         0     720.000                 720
     52235      4155         0         0     730.000                 730
     52235      3304         0         0     740.000                 740
     52235      2544         0         0     750.000                 750
     52235      1837         0         0     760.000                 760
     52235      1273         0         0     770.000                 770
     52234       744         0         0     780.000                 780
     52233       365         0         0     790.000                 790
     52233       143         0         0     800.000                 800
     52232        50         0         0     810.000                 810
     52231        14         0         0     820.000                 820
     52230         4         0         0     830.000                 830
     52225         0         0         0     840.000                 840
     52224         0         0         0     850.000                 850
     52224         0         0         0     860.000                 860
     52223         0         0         0     870.000                 870
     52215         0         0         0     880.000                 880
     52203         0         0         0     890.000                 890
     52191         0         0         0     900.000                 900
     52185         0         0         0     910.000                 910
     52173         0         0         0     920.000                 920
     52158         0         0         0     930.000                 930
     52112         0         0         0     940.000                 940
     52062         0         0         0     950.000                 950
     52012         0         0         0     960.000                 960
     51925         0         0         0     970.000                 970
     51869         0         0         0     980.000                 980
     51806         0         0         0     990.000                 990
     51769         0         0         0    1000.000                1000
