         0         0         0         0       0.000            initiate
         0         0         0         0     795.000            cool_795
         0         0         0         0     790.000            cool_790
         0         0         0         0     785.000            cool_785
         0         0         0         0     780.000            cool_780
         0         0         0         0     775.000            cool_775
         0         0         0         0     770.000            cool_770
         0         0         0         0     765.000            cool_765
         0         0         0         0     760.000            cool_760
         0         0         0         0     755.000            cool_755
         0         0         0         0     750.000            cool_750
         0         0         0         0     745.000            cool_745
         0         0         0         0     740.000            cool_740
         0         0         0         0     735.000            cool_735
         0         0         0         0     730.000            cool_730
         0         0         0         0     725.000            cool_725
         0         0         0         0     720.000            cool_720
         0         0         0         0     715.000            cool_715
         0         0         0         0     710.000            cool_710
         0         0         0         0     705.000            cool_705
         0         0         0         0     700.000            cool_700
         0         0         0         0     695.000            cool_695
         0         0         0         0     690.000            cool_690
         0         0         0         0     685.000            cool_685
         0         0         0         0     680.000            cool_680
         0         0         0         0     675.000            cool_675
         0         0         0         0     670.000            cool_670
         0         0         0         0     665.000            cool_665
         0         0         0         0     660.000            cool_660
         0         0         0         0     655.000            cool_655
         0         0         0         0     650.000            cool_650
         0         0         0         0     645.000            cool_645
         0         0         0         0     640.000            cool_640
         0         0         0         0     635.000            cool_635
         0         0         0         0     630.000            cool_630
         0         0         0         0     625.000            cool_625
         0         0         0         0     620.000            cool_620
         0         0         0         0     615.000            cool_615
         0         0         0         0     610.000            cool_610
         0         0         0         0     605.000            cool_605
         0         0         0         0     600.000            cool_600
         0         0         0         0     595.000            cool_595
         0         0         0         0     590.000            cool_590
         0         0         0         0     585.000            cool_585
         0         0         0         0     580.000            cool_580
         0         0         0         0     575.000            cool_575
         0         0         0         0     570.000            cool_570
         0         0         0         0     565.000            cool_565
         0         0         0         0     560.000            cool_560
         0         0         0         0     555.000            cool_555
         0         0         0         0     550.000            cool_550
         0         0         0         0     545.000            cool_545
         0         0         0         0     540.000            cool_540
         0         0         0         0     535.000            cool_535
         0         0         0         0     530.000            cool_530
         0         0         0         0     525.000            cool_525
         0         0         0         0     520.000            cool_520
         0         0         0         0     515.000            cool_515
         0         0         0         0     510.000            cool_510
         0         0         0         0     505.000            cool_505
         0         0         0         0     500.000            cool_500
         0         0         0         0     495.000            cool_495
         0         0         0         0     490.000            cool_490
         0         0         0         0     485.000            cool_485
         0         0         0         0     480.000            cool_480
         0         0         0         0     475.000            cool_475
         0         0         0         0     470.000            cool_470
         0         0         0         0     465.000            cool_465
         0         0         0         0     460.000            cool_460
         0         0         0         0     455.000            cool_455
         0         0         0         0     450.000            cool_450
         0         0         0         0     445.000            cool_445
         0         0         0         0     440.000            cool_440
         0         0         0         0     435.000            cool_435
         0         0         0         0     430.000            cool_430
         0         0         0         0     425.000            cool_425
         0         0         0         0     420.000            cool_420
         0         0         0         0     415.000            cool_415
         0         0         0         0     410.000            cool_410
         0         0         0         0     405.000            cool_405
         0         0         0         0     400.000            cool_400
         0         0         0         0     395.000            cool_395
         0         0         0         0     390.000            cool_390
         0         0         0         0     385.000            cool_385
         0         0         0         0     380.000            cool_380
         0         0         0         0     375.000            cool_375
         0         0         0         0     370.000            cool_370
         0         0         0         0     365.000            cool_365
         0         0         0         0     360.000            cool_360
         0         0         0         0     355.000            cool_355
         0         0         0         0     350.000            cool_350
         0         0         0         0     345.000            cool_345
         0         0         0         0     340.000            cool_340
         0         0         0         0     335.000            cool_335
         0         0         0         0     330.000            cool_330
         0         0         0         0     325.000            cool_325
         0         0         0         0     320.000            cool_320
         0         0         0         0     315.000            cool_315
         0         0         0         0     310.000            cool_310
         0         0         0         0     305.000            cool_305
         0         0         0         0     300.000            cool_300
         0         0         0         0     300.000           after_ann
         0         0         0         0     300.000      implantation01
         0         0         0         0     300.000      implantation02
         0         0         0         0     300.000      implantation03
         0         0         0         0     300.000      implantation04
         0         0         0         0     300.000      implantation05
         0         0         0         0     300.000      implantation06
         0         0         0         0     300.000      implantation07
         0         0         0         0     300.000      implantation08
         0         0         0         0     300.000      implantation09
         0         0         0         0     300.000      implantation10
         0         0         0         0     300.000           after_imp
         0         0         0         0     300.000                 300
         0         0         0         0     310.000                 310
         0         0         0         0     320.000                 320
         0         0         0         0     330.000                 330
         0         0         0         0     340.000                 340
         0         0         0         0     350.000                 350
         0         0         0         0     360.000                 360
         0         0         0         0     370.000                 370
         0         0         0         0     380.000                 380
         0         0         0         0     390.000                 390
         0         0         0         0     400.000                 400
         0         0         0         0     410.000                 410
         0         0         0         0     420.000                 420
         0         0         0         0     430.000                 430
         0         0         0         0     440.000                 440
         0         0         0         0     450.000                 450
         0         0         0         0     460.000                 460
         0         0         0         0     470.000                 470
         0         0         0         0     480.000                 480
         0         0         0         0     490.000                 490
         0         0         0         0     500.000                 500
         0         0         0         0     510.000                 510
         0         0         0         0     520.000                 520
         0         0         0         0     530.000                 530
         0         0         0         0     540.000                 540
         0         0         0         0     550.000                 550
         0         0         0         0     560.000                 560
         0         0         0         0     570.000                 570
         0         0         0         0     580.000                 580
         0         0         0         0     590.000                 590
         0         0         0         0     600.000                 600
         0         0         0         0     610.000                 610
         0         0         0         0     620.000                 620
         0         0         0         0     630.000                 630
         0         0         0         0     640.000                 640
         0         0         0         0     650.000                 650
         0         0         0         0     660.000                 660
         0         0         0         0     670.000                 670
         0         0         0         0     680.000                 680
         0         0         0         0     690.000                 690
         0         0         0         0     700.000                 700
         0         0         0         0     710.000                 710
         0         0         0         0     720.000                 720
         0         0         0         0     730.000                 730
         0         0         0         0     740.000                 740
         0         0         0         0     750.000                 750
         0         0         0         0     760.000                 760
         0         0         0         0     770.000                 770
         0         0         0         0     780.000                 780
         0         0         0         0     790.000                 790
         0         0         0         0     800.000                 800
         0         0         0         0     810.000                 810
         0         0         0         0     820.000                 820
         0         0         0         0     830.000                 830
         0         0         0         0     840.000                 840
         0         0         0         0     850.000                 850
         0         0         0         0     860.000                 860
         0         0         0         0     870.000                 870
         0         0         0         0     880.000                 880
         0         0         0         0     890.000                 890
         0         0         0         0     900.000                 900
         0         0         0         0     910.000                 910
         0         0         0         0     920.000                 920
         0         0         0         0     930.000                 930
         0         0         0         0     940.000                 940
         0         0         0         0     950.000                 950
         0         0         0         0     960.000                 960
         0         0         0         0     970.000                 970
         0         0         0         0     980.000                 980
         0         0         0         0     990.000                 990
         0         0         0         0    1000.000                1000
