           305.00000          0.00000e+00
           315.00000          0.00000e+00
           325.00000          0.00000e+00
           335.00000          0.00000e+00
           345.00000          0.00000e+00
           355.00000          0.00000e+00
           365.00000          0.00000e+00
           375.00000          0.00000e+00
           385.00000          0.00000e+00
           395.00000          5.55556e+13
           405.00000          0.00000e+00
           415.00000          5.55556e+13
           425.00000          2.77778e+13
           435.00000          0.00000e+00
           445.00000          1.11111e+14
           455.00000          8.33333e+13
           465.00000          2.22222e+14
           475.00000          1.94444e+14
           485.00000          2.77778e+14
           495.00000          3.05556e+14
           505.00000          3.88889e+14
           515.00000          1.66667e+14
           525.00000          3.33333e+14
           535.00000          5.83333e+14
           545.00000          1.25000e+15
           555.00000          1.61111e+15
           565.00000          2.50000e+15
           575.00000          4.00000e+15
           585.00000          6.63889e+15
           595.00000          8.30556e+15
           605.00000          1.24167e+16
           615.00000          1.71944e+16
           625.00000          2.17222e+16
           635.00000          2.46111e+16
           645.00000          2.73333e+16
           655.00000          2.57778e+16
           665.00000          2.24722e+16
           675.00000          2.36944e+16
           685.00000          2.32500e+16
           695.00000          2.51667e+16
           705.00000          2.45556e+16
           715.00000          2.61389e+16
           725.00000          2.38056e+16
           735.00000          2.36389e+16
           745.00000          2.11111e+16
           755.00000          1.96389e+16
           765.00000          1.56667e+16
           775.00000          1.46944e+16
           785.00000          1.05278e+16
           795.00000          6.16667e+15
           805.00000          2.58333e+15
           815.00000          1.00000e+15
           825.00000          2.77778e+14
           835.00000          1.11111e+14
           845.00000          0.00000e+00
           855.00000          0.00000e+00
           865.00000          0.00000e+00
           875.00000          0.00000e+00
