      7854       0.000            initiate
      7858     500.000                 500
      7865     510.000                 510
      7875     520.000                 520
      7879     530.000                 530
      7883     540.000                 540
      7882     550.000                 550
      7882     560.000                 560
      7883     570.000                 570
      7883     580.000                 580
      7883     590.000                 590
      7883     600.000                 600
      7880     610.000                 610
      7881     620.000                 620
      7881     630.000                 630
      7879     640.000                 640
      7879     650.000                 650
      7883     660.000                 660
      7880     670.000                 670
      7882     680.000                 680
      7883     690.000                 690
      7880     700.000                 700
      7877     710.000                 710
      7878     720.000                 720
      7873     730.000                 730
      7876     740.000                 740
      7869     750.000                 750
      7866     760.000                 760
      7853     770.000                 770
      7841     780.000                 780
      7778     790.000                 790
      7687     800.000                 800
      7535     810.000                 810
      7234     820.000                 820
      6784     830.000                 830
      6112     840.000                 840
      5110     850.000                 850
      3894     860.000                 860
      2601     870.000                 870
      1416     880.000                 880
       657     890.000                 890
       266     900.000                 900
        85     910.000                 910
        33     920.000                 920
        22     930.000                 930
        21     940.000                 940
        21     950.000                 950
        21     960.000                 960
        21     970.000                 970
        21     980.000                 980
        21     990.000                 990
        21    1000.000                1000
