      7883         0         0         0       0.000            initiate
      7883         0         0         0     500.000                 500
      7883         0         0         0     510.000                 510
      7883         0         0         0     520.000                 520
      7883         0         0         0     530.000                 530
      7883         0         0         0     540.000                 540
      7883         0         0         0     550.000                 550
      7883         0         0         0     560.000                 560
      7883         0         0         0     570.000                 570
      7883         0         0         0     580.000                 580
      7883         0         0         0     590.000                 590
      7883         0         0         0     600.000                 600
      7883         0         0         0     610.000                 610
      7883         0         0         0     620.000                 620
      7883         0         0         0     630.000                 630
      7883         0         0         0     640.000                 640
      7883         0         0         0     650.000                 650
      7883         0         0         0     660.000                 660
      7883         0         0         0     670.000                 670
      7883         0         0         0     680.000                 680
      7883         0         0         0     690.000                 690
      7883         0         0         0     700.000                 700
      7883         0         0         0     710.000                 710
      7883         0         0         0     720.000                 720
      7883         0         0         0     730.000                 730
      7883         0         0         0     740.000                 740
      7883         0         0         0     750.000                 750
      7883         0         0         0     760.000                 760
      7883         0         0         0     770.000                 770
      7883         0         0         0     780.000                 780
      7883         0         0         0     790.000                 790
      7883         0         0         0     800.000                 800
      7883         0         0         0     810.000                 810
      7883         0         0         0     820.000                 820
      7883         0         0         0     830.000                 830
      7883         0         0         0     840.000                 840
      7883         0         0         0     850.000                 850
      7883         0         0         0     860.000                 860
      7883         0         0         0     870.000                 870
      7883         0         0         0     880.000                 880
      7883         0         0         0     890.000                 890
      7883         0         0         0     900.000                 900
      7883         0         0         0     910.000                 910
      7883         0         0         0     920.000                 920
      7883         0         0         0     930.000                 930
      7883         0         0         0     940.000                 940
      7883         0         0         0     950.000                 950
      7883         0         0         0     960.000                 960
      7883         0         0         0     970.000                 970
      7883         0         0         0     980.000                 980
      7883         0         0         0     990.000                 990
      7883         0         0         0    1000.000                1000
