         0         0         0         0       0.000            initiate
         0         0         0         0     500.000                 500
         0         0         0         0     510.000                 510
         0         0         0         0     520.000                 520
         0         0         0         0     530.000                 530
         0         0         0         0     540.000                 540
         0         0         0         0     550.000                 550
         0         0         0         0     560.000                 560
         0         0         0         0     570.000                 570
         0         0         0         0     580.000                 580
         0         0         0         0     590.000                 590
         0         0         0         0     600.000                 600
         0         0         0         0     610.000                 610
         0         0         0         0     620.000                 620
         0         0         0         0     630.000                 630
         0         0         0         0     640.000                 640
         0         0         0         0     650.000                 650
         0         0         0         0     660.000                 660
         0         0         0         0     670.000                 670
         0         0         0         0     680.000                 680
         0         0         0         0     690.000                 690
         0         0         0         0     700.000                 700
         0         0         0         0     710.000                 710
         0         0         0         0     720.000                 720
         0         0         0         0     730.000                 730
         0         0         0         0     740.000                 740
         0         0         0         0     750.000                 750
         0         0         0         0     760.000                 760
         0         0         0         0     770.000                 770
         0         0         0         0     780.000                 780
         0         0         0         0     790.000                 790
         0         0         0         0     800.000                 800
         0         0         0         0     810.000                 810
         0         0         0         0     820.000                 820
         0         0         0         0     830.000                 830
         0         0         0         0     840.000                 840
         0         0         0         0     850.000                 850
         0         0         0         0     860.000                 860
         0         0         0         0     870.000                 870
         0         0         0         0     880.000                 880
         0         0         0         0     890.000                 890
         0         0         0         0     900.000                 900
         0         0         0         0     910.000                 910
         0         0         0         0     920.000                 920
         0         0         0         0     930.000                 930
         0         0         0         0     940.000                 940
         0         0         0         0     950.000                 950
         0         0         0         0     960.000                 960
         0         0         0         0     970.000                 970
         0         0         0         0     980.000                 980
         0         0         0         0     990.000                 990
         0         0         0         0    1000.000                1000
