      Temp N_cluster f1_remain f2_remain f3_remain f4_remain f1_desorb f2_desorb f3_desorb f4_desorb  f1_trans  f2_trans  f3_trans  f4_trans  f1_grain  f2_grain  f3_grain  f4_grain           unit_name
     0.000      7848      7882         0         0         0         0         0         0         0         0         0         0         0         0         0         0         0            initiate
   500.000      7852      7882         0         0         0         0         0         0         0         0         0         0         0         0         0         0         0                 500
   510.000      7860      7882         0         0         0         0         0         0         0         0         0         0         0         0         0         0         0                 510
   520.000      7868      7882         0         0         0         0         0         0         0         0         0         0         0         0         0         0         0                 520
   530.000      7875      7882         0         0         0         0         0         0         0         0         0         0         0         0         0         0         0                 530
   540.000      7882      7882         0         0         0         0         0         0         0         0         0         0         0         0         0         0         0                 540
   550.000      7881      7882         0         0         0         0         0         0         0         0         0         0         0         0         0         0         0                 550
   560.000      7882      7882         0         0         0         0         0         0         0         0         0         0         0         0         0         0         0                 560
   570.000      7881      7882         0         0         0         0         0         0         0         0         0         0         0         0         0         0         0                 570
   580.000      7881      7882         0         0         0         0         0         0         0         0         0         0         0         0         0         0         0                 580
   590.000      7880      7882         0         0         0         0         0         0         0         0         0         0         0         0         0         0         0                 590
   600.000      7882      7882         0         0         0         0         0         0         0         0         0         0         0         0         0         0         0                 600
   610.000      7882      7882         0         0         0         0         0         0         0         0         0         0         0         0         0         0         0                 610
   620.000      7882      7882         0         0         0         0         0         0         0         0         0         0         0         0         0         0         0                 620
   630.000      7882      7882         0         0         0         0         0         0         0         0         0         0         0         0         0         0         0                 630
   640.000      7880      7882         0         0         0         0         0         0         0         0         0         0         0         0         0         0         0                 640
   650.000      7880      7882         0         0         0         0         0         0         0         0         0         0         0         0         0         0         0                 650
   660.000      7881      7882         0         0         0         0         0         0         0         0         0         0         0         0         0         0         0                 660
   670.000      7878      7882         0         0         0         0         0         0         0         0         0         0         0         0         0         0         0                 670
   680.000      7878      7882         0         0         0         0         0         0         0         0         0         0         0         0         0         0         0                 680
   690.000      7878      7882         0         0         0         0         0         0         0         0         0         0         0         0         0         0         0                 690
   700.000      7878      7882         0         0         0         0         0         0         0         0         0         0         0         0         0         0         0                 700
   710.000      7877      7882         0         0         0         0         0         0         0         0         0         0         0         0         0         0         0                 710
   720.000      7874      7882         0         0         0         0         0         0         0         0         0         0         0         0         0         0         0                 720
   730.000      7874      7882         0         0         0         0         0         0         0         0         0         0         0         0         0         0         0                 730
   740.000      7874      7882         0         0         0         0         0         0         0         0         0         0         0         0         0         0         0                 740
   750.000      7871      7882         0         0         0         0         0         0         0         0         0         0         0         0         0         0         0                 750
   760.000      7862      7882         0         0         0         0         0         0         0         0         0         0         0         0         0         0         0                 760
   770.000      7850      7882         0         0         0         0         0         0         0         0         0         0         0         0         0         0         0                 770
   780.000      7821      7882         0         0         0         0         0         0         0         0         0         0         0         0         0         0         0                 780
   790.000      7767      7882         0         0         0         0         0         0         0         0         0         0         0         0         0         0         0                 790
   800.000      7682      7882         0         0         0         0         0         0         0         0         0         0         0         0         0         0         0                 800
   810.000      7539      7882         0         0         0         0         0         0         0         0         0         0         0         0         0         0         0                 810
   820.000      7260      7882         0         0         0         0         0         0         0         0         0         0         0         0         0         0         0                 820
   830.000      6765      7882         0         0         0         0         0         0         0         0         0         0         0         0         0         0         0                 830
   840.000      5989      7882         0         0         0         0         0         0         0         0         0         0         0         0         0         0         0                 840
   850.000      4862      7882         0         0         0         0         0         0         0         0         0         0         0         0         0         0         0                 850
   860.000      3558      7882         0         0         0         0         0         0         0         0         0         0         0         0         0         0         0                 860
   870.000      2193      7882         0         0         0         0         0         0         0         0         0         0         0         0         0         0         0                 870
   880.000      1128      7882         0         0         0         0         0         0         0         0         0         0         0         0         0         0         0                 880
   890.000       485      7882         0         0         0         0         0         0         0         0         0         0         0         0         0         0         0                 890
   900.000       156      7882         0         0         0         0         0         0         0         0         0         0         0         0         0         0         0                 900
   910.000        54      7882         0         0         0         0         0         0         0         0         0         0         0         0         0         0         0                 910
   920.000        31      7882         0         0         0         0         0         0         0         0         0         0         0         0         0         0         0                 920
   930.000        27      7882         0         0         0         0         0         0         0         0         0         0         0         0         0         0         0                 930
   940.000        26      7882         0         0         0         0         0         0         0         0         0         0         0         0         0         0         0                 940
   950.000        26      7882         0         0         0         0         0         0         0         0         0         0         0         0         0         0         0                 950
   960.000        26      7882         0         0         0         0         0         0         0         0         0         0         0         0         0         0         0                 960
   970.000        26      7882         0         0         0         0         0         0         0         0         0         0         0         0         0         0         0                 970
   980.000        26      7882         0         0         0         0         0         0         0         0         0         0         0         0         0         0         0                 980
   990.000        26      7882         0         0         0         0         0         0         0         0         0         0         0         0         0         0         0                 990
  1000.000        26      7882         0         0         0         0         0         0         0         0         0         0         0         0         0         0         0                1000
