      Temp N_cluster f1_remain f2_remain f3_remain f4_remain f1_desorb f2_desorb f3_desorb f4_desorb  f1_trans  f2_trans  f3_trans  f4_trans  f1_grain  f2_grain  f3_grain  f4_grain           unit_name
     0.000         0         0         0         0         0         0         0         0         0         0         0         0         0         0         0         0         0            initiate
   300.000       170       171       377       336         0      -162       345       351         0        -4       105       117         0         0         6         7         0           charge001
   300.000       314       315       794       768         0      -135       284       243         0        -7       101       116         0         0        17        15         0           charge002
   300.000       466       470      1230      1224         0      -142       254       270         0        -7        86       118         0        -1        12        15         0           charge003
   300.000       593       599      1697      1667         0      -118       246       227         0        -7       105       130         0         0        13        16         0           charge004
   300.000       727       735      2153      2102         0      -129       267       232         0        -7        82       105         0        -1        15        20         0           charge005
   300.000       837       849      2587      2489         0      -105       274       267         0        -7        83        89         0         0        16        12         0           charge006
   300.000       930       948      3041      2855         0       -98       269       282         0        -4       105       126         0        -1        17        10         0           charge007
   300.000      1043      1066      3435      3222         0      -110       336       293         0        -4       109       118         0        -1        13        16         0           charge008
   300.000      1154      1178      3804      3587         0      -103       354       332         0        -4       100       116         0         0        14        11         0           charge009
   300.000      1280      1304      4197      3950         0      -111       304       316         0        -9        92       101         0         0        14        20         0           charge010
