0 1
0 10
0 0
0 0
#H-V 模型预测参数

#H
0	1	0	0	0.22 	0.22 	100.00 	1.1191 	0.00E+00	2.58E+13	2	1.1191

#纯V
0	0	0	0	100.00 	100.00 	100.00 	0.00 	0.00E+00	0.00E+00	1	0.0000 
1	0	0	0	100.00 	100.00 	100.00 	1.56 	0.00E+00	6.10E+12	1	2.7411 

#H-V团簇
       #f1        f2        f3        f4        Em     Em+Er     Em+Eb    raidus        ve        vm      emit      step
         1         1         0         0  100.0000  100.0000    1.4065    1.5584 0.258E+14 0.000E+00         2    0.0000
         1         2         0         0  100.0000  100.0000    1.3854    1.5584 0.410E+14 0.000E+00         2    0.0000
         1         3         0         0  100.0000  100.0000    1.3404    1.5584 0.537E+14 0.000E+00         2    0.0000
         1         4         0         0  100.0000  100.0000    1.2661    1.5584 0.650E+14 0.000E+00         2    0.0000
         1         5         0         0  100.0000  100.0000    1.1578    1.5584 0.754E+14 0.000E+00         2    0.0000
         1         6         0         0  100.0000  100.0000    1.0232    1.5584 0.852E+14 0.000E+00         2    0.0000
         1         7         0         0  100.0000  100.0000    0.8472    1.5584 0.944E+14 0.000E+00         2    0.0000
         1         8         0         0  100.0000  100.0000    0.6291    1.5584 0.103E+15 0.000E+00         2    0.0000
         1         9         0         0  100.0000  100.0000    0.3660    1.5584 0.112E+15 0.000E+00         2    0.0000
         1        10         0         0  100.0000  100.0000    0.0561    1.5584 0.120E+15 0.000E+00         2    0.0000