      Temp N_cluster f1_remain f2_remain f3_remain f4_remain f1_desorb f2_desorb f3_desorb f4_desorb  f1_trans  f2_trans  f3_trans  f4_trans  f1_grain  f2_grain  f3_grain  f4_grain           unit_name
     0.000       523      5585      1411         0         0         0         0         0         0         0         0         0         0         0         0         0         0            initiate
   300.000       523      5585      1411         0         0         0         0         0         0         0         0         0         0         0         0         0         0                 300
   310.000       523      5585      1411         0         0         0         0         0         0         0         0         0         0         0         0         0         0                 310
   320.000       523      5585      1411         0         0         0         0         0         0         0         0         0         0         0         0         0         0                 320
   330.000       523      5585      1411         0         0         0         0         0         0         0         0         0         0         0         0         0         0                 330
   340.000       523      5585      1411         0         0         0         0         0         0         0         0         0         0         0         0         0         0                 340
   350.000       523      5585      1411         0         0         0         0         0         0         0         0         0         0         0         0         0         0                 350
   360.000       523      5585      1411         0         0         0         0         0         0         0         0         0         0         0         0         0         0                 360
   370.000       523      5585      1411         0         0         0         0         0         0         0         0         0         0         0         0         0         0                 370
   380.000       523      5585      1411         0         0         0         0         0         0         0         0         0         0         0         0         0         0                 380
   390.000       523      5585      1411         0         0         0         0         0         0         0         0         0         0         0         0         0         0                 390
   400.000       523      5585      1411         0         0         0         0         0         0         0         0         0         0         0         0         0         0                 400
   410.000       523      5585      1411         0         0         0         0         0         0         0         0         0         0         0         0         0         0                 410
   420.000       523      5585      1411         0         0         0         0         0         0         0         0         0         0         0         0         0         0                 420
   430.000       523      5585      1411         0         0         0         0         0         0         0         0         0         0         0         0         0         0                 430
   440.000       523      5585      1411         0         0         0         0         0         0         0         0         0         0         0         0         0         0                 440
   450.000       523      5585      1411         0         0         0         0         0         0         0         0         0         0         0         0         0         0                 450
   460.000       523      5585      1411         0         0         0         0         0         0         0         0         0         0         0         0         0         0                 460
   470.000       523      5585      1411         0         0         0         0         0         0         0         0         0         0         0         0         0         0                 470
   480.000       523      5585      1411         0         0         0         0         0         0         0         0         0         0         0         0         0         0                 480
   490.000       523      5585      1411         0         0         0         0         0         0         0         0         0         0         0         0         0         0                 490
   500.000       523      5585      1411         0         0         0         0         0         0         0         0         0         0         0         0         0         0                 500
   510.000       523      5585      1411         0         0         0         0         0         0         0         0         0         0         0         0         0         0                 510
   520.000       523      5585      1411         0         0         0         0         0         0         0         0         0         0         0         0         0         0                 520
   530.000       523      5585      1411         0         0         0         0         0         0         0         0         0         0         0         0         0         0                 530
   540.000       523      5585      1411         0         0         0         0         0         0         0         0         0         0         0         0         0         0                 540
   550.000       523      5585      1409         0         0         0         2         0         0         0         0         0         0         0         0         0         0                 550
   560.000       523      5585      1407         0         0         0         2         0         0         0         0         0         0         0         0         0         0                 560
   570.000       523      5585      1407         0         0         0         0         0         0         0         0         0         0         0         0         0         0                 570
   580.000       523      5585      1402         0         0         0         5         0         0         0         0         0         0         0         0         0         0                 580
   590.000       523      5585      1393         0         0         0         9         0         0         0         0         0         0         0         0         0         0                 590
   600.000       523      5585      1386         0         0         0         7         0         0         0         0         0         0         0         0         0         0                 600
   610.000       523      5585      1362         0         0         0        24         0         0         0         0         0         0         0         0         0         0                 610
   620.000       523      5585      1332         0         0         0        30         0         0         0         0         0         0         0         0         0         0                 620
   630.000       523      5585      1275         0         0         0        57         0         0         0         0         0         0         0         0         0         0                 630
   640.000       523      5585      1209         0         0         0        66         0         0         0         0         0         0         0         0         0         0                 640
   650.000       523      5585      1139         0         0         0        70         0         0         0         0         0         0         0         0         0         0                 650
   660.000       523      5585      1048         0         0         0        91         0         0         0         0         0         0         0         0         0         0                 660
   670.000       523      5585       975         0         0         0        73         0         0         0         0         0         0         0         0         0         0                 670
   680.000       523      5585       895         0         0         0        80         0         0         0         0         0         0         0         0         0         0                 680
   690.000       523      5585       819         0         0         0        76         0         0         0         0         0         0         0         0         0         0                 690
   700.000       522      5585       727         0         0         0        92         0         0         0         0         0         0         0         0         0         0                 700
   710.000       523      5585       632         0         0         0        95         0         0         0         0         0         0         0         0         0         0                 710
   720.000       523      5585       521         0         0         0       111         0         0         0         0         0         0         0         0         0         0                 720
   730.000       523      5585       426         0         0         0        94         0         0         0         1         0         0         0         0         0         0                 730
   740.000       523      5585       327         0         0         0        97         0         0         0         2         0         0         0         0         0         0                 740
   750.000       523      5585       261         0         0         0        65         0         0         0         1         0         0         0         0         0         0                 750
   760.000       523      5585       198         0         0         0        62         0         0         0         1         0         0         0         0         0         0                 760
   770.000       523      5585       122         0         0         0        66         0         0         0        10         0         0         0         0         0         0                 770
   780.000       523      5585        59         0         0         0        54         0         0         0         9         0         0         0         0         0         0                 780
   790.000       521      5585        22         0         0         0        36         0         0         0         1         0         0         0         0         0         0                 790
   800.000       518      5585         9         0         0         0        12         0         0         0         1         0         0         0         0         0         0                 800
   810.000       516      5582         1         0         0         3         7         0         0         0         1         0         0         0         0         0         0                 810
   820.000       514      5582         0         0         0         0         1         0         0         0         0         0         0         0         0         0         0                 820
   830.000       509      5582         0         0         0         0         0         0         0         0         0         0         0         0         0         0         0                 830
   840.000       506      5582         0         0         0         0         0         0         0         0         0         0         0         0         0         0         0                 840
   850.000       501      5582         0         0         0         0         0         0         0         0         0         0         0         0         0         0         0                 850
   860.000       495      5582         0         0         0         0         0         0         0         0         0         0         0         0         0         0         0                 860
   870.000       488      5581         0         0         0         1         0         0         0         0         0         0         0         0         0         0         0                 870
   880.000       483      5578         0         0         0         3         0         0         0         0         0         0         0         0         0         0         0                 880
   890.000       475      5574         0         0         0         4         0         0         0         0         0         0         0         0         0         0         0                 890
   900.000       468      5574         0         0         0         0         0         0         0         0         0         0         0         0         0         0         0                 900
   910.000       462      5574         0         0         0         0         0         0         0         0         0         0         0         0         0         0         0                 910
   920.000       452      5574         0         0         0         0         0         0         0         0         0         0         0         0         0         0         0                 920
   930.000       444      5570         0         0         0         4         0         0         0         0         0         0         0         0         0         0         0                 930
   940.000       440      5566         0         0         0         4         0         0         0         0         0         0         0         0         0         0         0                 940
   950.000       425      5552         0         0         0        13         0         0         0         1         0         0         0         0         0         0         0                 950
   960.000       415      5548         0         0         0         4         0         0         0         0         0         0         0         0         0         0         0                 960
   970.000       398      5536         0         0         0        12         0         0         0         0         0         0         0         0         0         0         0                 970
   980.000       387      5530         0         0         0         6         0         0         0         0         0         0         0         0         0         0         0                 980
   990.000       381      5529         0         0         0         0         0         0         0         1         0         0         0         0         0         0         0                 990
  1000.000       370      5522         0         0         0         0         0         0         0         7         0         0         0         0         0         0         0                1000
