           305.00000          0.00000e+00
           315.00000          0.00000e+00
           325.00000          0.00000e+00
           335.00000          0.00000e+00
           345.00000          0.00000e+00
           355.00000          0.00000e+00
           365.00000          0.00000e+00
           375.00000          0.00000e+00
           385.00000          0.00000e+00
           395.00000          0.00000e+00
           405.00000          0.00000e+00
           415.00000          0.00000e+00
           425.00000          0.00000e+00
           435.00000          0.00000e+00
           445.00000          0.00000e+00
           455.00000          0.00000e+00
           465.00000          0.00000e+00
           475.00000          0.00000e+00
           485.00000          0.00000e+00
           495.00000          0.00000e+00
           505.00000          0.00000e+00
           515.00000          0.00000e+00
           525.00000          0.00000e+00
           535.00000          0.00000e+00
           545.00000          5.00000e+14
           555.00000          5.00000e+14
           565.00000          0.00000e+00
           575.00000          1.25000e+15
           585.00000          2.25000e+15
           595.00000          1.75000e+15
           605.00000          6.00000e+15
           615.00000          7.50000e+15
           625.00000          1.42500e+16
           635.00000          1.65000e+16
           645.00000          1.75000e+16
           655.00000          2.27500e+16
           665.00000          1.82500e+16
           675.00000          2.00000e+16
           685.00000          1.90000e+16
           695.00000          2.30000e+16
           705.00000          2.37500e+16
           715.00000          2.77500e+16
           725.00000          2.37500e+16
           735.00000          2.47500e+16
           745.00000          1.65000e+16
           755.00000          1.57500e+16
           765.00000          1.90000e+16
           775.00000          1.57500e+16
           785.00000          9.25000e+15
           795.00000          3.25000e+15
           805.00000          2.00000e+15
           815.00000          2.50000e+14
           825.00000          0.00000e+00
           835.00000          0.00000e+00
           845.00000          0.00000e+00
           855.00000          0.00000e+00
           865.00000          0.00000e+00
           875.00000          0.00000e+00
           885.00000          0.00000e+00
           895.00000          0.00000e+00
           905.00000          0.00000e+00
           915.00000          0.00000e+00
           925.00000          0.00000e+00
           935.00000          0.00000e+00
           945.00000          0.00000e+00
           955.00000          0.00000e+00
           965.00000          0.00000e+00
           975.00000          0.00000e+00
           985.00000          0.00000e+00
           995.00000          0.00000e+00
